1 0.9925 0.22449 0.015 0.0734694
1 0.69125 0.210204 0.0325 0.0612245
1 0.545 0.271429 0.055 0.0938776
1 0.4325 0.257143 0.025 0.0571429
1 0.36875 0.236735 0.0275 0.0571429
1 0.84125 0.257143 0.0225 0.0489796
1 0.29875 0.238776 0.0375 0.077551
1 0.47625 0.27551 0.0325 0.0612245
1 0.71375 0.357143 0.0525 0.0857143
1 0.765 0.259184 0.04 0.0693878
1 0.56 0.27551 0.045 0.077551
1 0.6125 0.302041 0.04 0.0653061
1 0.65375 0.336735 0.0375 0.077551
1 0.5275 0.271429 0.035 0.077551
1 0.93875 0.259184 0.0525 0.077551
1 0.08625 0.267347 0.0475 0.0857143
1 0.355 0.297959 0.05 0.0979592
1 0.4525 0.479592 0.05 0.077551
2 0.80875 0.259184 0.0375 0.0612245
1 0.4075 0.279592 0.045 0.0693878
1 0.16875 0.316327 0.0475 0.077551
1 0.8825 0.238776 0.045 0.077551
