1 0.81125 0.0666667 0.0775 0.106667
1 0.98 0.151111 0.04 0.151111
1 0.17125 0.662222 0.0625 0.133333
2 0.09375 0.368889 0.0475 0.08
1 0.2725 0.384444 0.06 0.111111
1 0.1275 0.744444 0.07 0.146667
1 0.48375 0.115556 0.0675 0.115556
1 0.0425 0.855556 0.07 0.155556
1 0.02625 0.164444 0.0375 0.0888889
1 0.8225 0.0355556 0.05 0.0711111
1 0.52125 0.7 0.0625 0.12
1 0.37625 0.917778 0.0725 0.137778
1 0.7525 0.106667 0.06 0.133333
1 0.5 0.302222 0.055 0.106667
1 0.2625 0.104444 0.06 0.111111
1 0.66125 0.111111 0.0575 0.115556
1 0.08375 0.211111 0.0525 0.111111
1 0.64375 0.382222 0.0475 0.0888889
1 0.895 0.202222 0.065 0.111111
1 0.56875 0.786667 0.0675 0.142222
1 0.9325 0.568889 0.07 0.115556
