2 0.675 0.19469 0.055 0.132743
1 0.36625 0.176991 0.0425 0.079646
1 0.48375 0.090708 0.0275 0.0575221
2 0.61625 0.0685841 0.0325 0.0575221
1 0.1 0.285398 0.02 0.0663717
2 0.73125 0.165929 0.0525 0.137168
2 0.285 0.533186 0.04 0.0840708
2 0.67875 0.132743 0.0525 0.0973451
2 0.48 0.829646 0.055 0.154867
2 0.6775 0.256637 0.045 0.079646
1 0.415 0.143805 0.035 0.0575221
2 0.5725 0.137168 0.045 0.0884956
2 0.4325 0.84292 0.05 0.146018
2 0.14625 0.35177 0.0825 0.163717
2 0.7625 0.265487 0.05 0.106195
2 0.23625 0.190265 0.0575 0.106195
1 0.30875 0.280973 0.0575 0.110619
1 0.65125 0.0575221 0.0375 0.0619469
2 0.14125 0.303097 0.0625 0.119469
1 0.8425 0.50885 0.075 0.106195
2 0.2675 0.803097 0.08 0.172566
2 0.73125 0.15708 0.0425 0.0752212
2 0.195 0.685841 0.085 0.168142
2 0.13875 0.45354 0.0725 0.119469
2 0.2775 0.353982 0.05 0.0884956
1 0.44625 0.24115 0.0375 0.10177
1 0.54875 0.287611 0.0475 0.0973451
1 0.5125 0.190265 0.05 0.106195
1 0.465 0.196903 0.04 0.10177
2 0.89 0.747788 0.08 0.132743
1 0.1275 0.628319 0.06 0.141593
1 0.45875 0.628319 0.0725 0.115044
2 0.62 0.221239 0.065 0.123894
1 0.82 0.119469 0.035 0.0973451
1 0.3725 0.519912 0.07 0.146018
1 0.6775 0.411504 0.06 0.123894
1 0.7025 0.785398 0.065 0.163717
1 0.21375 0.283186 0.0525 0.0884956
1 0.46375 0.460177 0.0675 0.141593
1 0.5625 0.50885 0.07 0.141593
1 0.64125 0.564159 0.0925 0.146018
1 0.3725 0.35177 0.07 0.110619
1 0.37 0.869469 0.11 0.199115
1 0.75875 0.535398 0.0675 0.132743
1 0.62 0.904867 0.105 0.181416
