2 0.56 0.576779 0.07 0.104869
1 0.42375 0.372659 0.0575 0.0786517
1 0.49375 0.0374532 0.0225 0.0299625
1 0.565 0.0187266 0.02 0.0374532
1 0.5525 0.134831 0.02 0.0449438
2 0.64625 0.327715 0.0525 0.0636704
1 0.53125 0.370787 0.0675 0.0898876
1 0.645 0.325843 0.045 0.0524345
1 0.43875 0.0898876 0.0225 0.0449438
2 0.42625 0.365169 0.0575 0.093633
1 0.50375 0.189139 0.0225 0.0486891
1 0.54125 0.0318352 0.0225 0.0411985
1 0.91375 0.129213 0.0225 0.0411985
1 0.46625 0.076779 0.0225 0.0411985
1 0.57375 0.104869 0.0225 0.0449438
1 0.495 0.282772 0.05 0.0636704
2 0.9625 0.308989 0.045 0.0861423
1 0.1175 0.535581 0.145 0.247191
1 0.56 0.331461 0.06 0.0861423
1 0.57875 0.155431 0.0325 0.0636704
1 0.5375 0.807116 0.08 0.168539
1 0.475 0.434457 0.065 0.0973783
1 0.6475 0.144195 0.045 0.0636704
1 0.68 0.196629 0.035 0.0636704
1 0.88125 0.146067 0.0275 0.0524345
1 0.6525 0.464419 0.065 0.11985
1 0.51125 0.38015 0.0475 0.093633
1 0.71875 0.428839 0.0675 0.123596
1 0.59625 0.219101 0.0375 0.0636704
1 0.82125 0.764045 0.0975 0.172285
1 0.74125 0.131086 0.0325 0.0524345
1 0.66625 0.829588 0.1275 0.205993
1 0.535 0.205993 0.04 0.0674157
1 0.43375 0.689139 0.1325 0.209738
