1 0.72 0.0205993 0.02 0.0411985
1 0.69125 0.0749064 0.0375 0.0599251
1 0.61375 0.200375 0.0375 0.0486891
2 0.42125 0.0730337 0.0225 0.0411985
2 0.59625 0.106742 0.0225 0.0411985
2 0.62625 0.0224719 0.0225 0.0449438
2 0.695 0.071161 0.03 0.0449438
1 0.60125 0.0411985 0.0275 0.0449438
1 0.62 0.265918 0.055 0.0898876
1 0.955 0.0973783 0.03 0.0449438
1 0.45375 0.0805243 0.0325 0.0486891
2 0.88 0.0580524 0.025 0.0411985
1 0.74875 0.0580524 0.0275 0.0486891
1 0.66625 0.132959 0.0275 0.0486891
1 0.08375 0.234082 0.0475 0.0786517
1 0.18875 0.116105 0.0325 0.0524345
1 0.52 0.093633 0.035 0.0599251
1 0.37 0.0917603 0.03 0.0561798
1 0.51625 0.357678 0.0575 0.093633
1 0.255 0.280899 0.045 0.0674157
1 0.41375 0.149813 0.0425 0.0674157
