1 0.01125 0.0818584 0.0225 0.0663717
1 0.69625 0.146018 0.0425 0.079646
1 0.83 0.174779 0.035 0.119469
1 0.635 0.174779 0.085 0.110619
1 0.50625 0.0929204 0.0275 0.0619469
2 0.68 0.225664 0.03 0.0619469
1 0.74875 0.146018 0.0375 0.079646
1 0.46125 0.292035 0.0275 0.0619469
1 0.4125 0.378319 0.035 0.128319
2 0.63125 0.172566 0.0775 0.141593
1 0.61125 0.477876 0.1175 0.168142
1 0.1975 0.168142 0.055 0.0973451
1 0.02125 0.256637 0.0425 0.132743
1 0.1875 0.367257 0.07 0.159292
1 0.75375 0.327434 0.0925 0.168142
1 0.95875 0.225664 0.0825 0.150442
1 0.14 0.464602 0.12 0.230089
