1 0.1 0.177903 0.015 0.0262172
2 0.24 0.247191 0.025 0.0449438
1 0.225 0.217228 0.02 0.0299625
1 0.27125 0.368914 0.0325 0.0411985
1 0.07625 0.282772 0.0175 0.0337079
2 0.27 0.365169 0.03 0.0486891
1 0.4675 0.228464 0.03 0.0524345
1 0.0975 0.346442 0.02 0.0411985
1 0.15375 0.254682 0.0275 0.0449438
1 0.15125 0.365169 0.0275 0.0486891
1 0.35625 0.419476 0.0425 0.0674157
1 0.625 0.353933 0.03 0.0636704
1 0.1625 0.44382 0.035 0.0636704
1 0.31125 0.531835 0.0475 0.0674157
1 0.31125 0.2603 0.0225 0.0486891
1 0.5325 0.391386 0.045 0.0786517
1 0.56125 0.2603 0.0425 0.0636704
1 0.7675 0.460674 0.09 0.11985
1 0.12125 0.608614 0.0725 0.101124
1 0.47 0.468165 0.065 0.0973783
1 0.38 0.822097 0.07 0.108614
1 0.24625 0.55618 0.0625 0.101124
