2 0.48625 0.280952 0.0575 0.114286
2 0.865 0.440476 0.06 0.109524
2 0.87875 0.207143 0.0525 0.109524
2 0.69375 0.147619 0.0575 0.142857
2 0.62375 0.504762 0.0725 0.152381
2 0.13 0.307143 0.07 0.147619
2 0.545 0.32381 0.065 0.152381
2 0.255 0.269048 0.065 0.138095
2 0.1925 0.428571 0.075 0.152381
2 0.62 0.666667 0.09 0.2
2 0.96125 0.361905 0.0625 0.12381
1 0.45125 0.580952 0.1075 0.190476
1 0.8875 0.654762 0.085 0.185714
2 0.8825 0.202381 0.035 0.0714286
2 0.3425 0.552381 0.085 0.190476
2 0.195 0.604762 0.075 0.133333
