1 0.85 0.0416667 0.025 0.0366667
1 0.8825 0.0483333 0.025 0.0433333
1 0.9875 0.155 0.025 0.0433333
1 0.23125 0.591667 0.0325 0.0633333
1 0.225 0.0283333 0.02 0.0433333
1 0.18 0.055 0.025 0.0366667
1 0.1125 0.025 0.025 0.0366667
1 0.02125 0.101667 0.0275 0.0433333
1 0.815 0.318333 0.025 0.0566667
1 0.4475 0.0633333 0.03 0.04
1 0.015 0.55 0.03 0.1
1 0.18125 0.205 0.0325 0.05
1 0.3375 0.148333 0.035 0.0566667
1 0.09 0.828333 0.065 0.09
1 0.57125 0.493333 0.0425 0.0533333
1 0.51625 0.0583333 0.0275 0.0433333
1 0.66375 0.665 0.0525 0.0766667
1 0.37375 0.218333 0.0375 0.0566667
1 0.6975 0.183333 0.035 0.0533333
1 0.98125 0.568333 0.0325 0.0566667
1 0.79625 0.77 0.0575 0.0866667
1 0.20875 0.141667 0.0325 0.05
1 0.85125 0.515 0.0425 0.0566667
1 0.11875 0.111667 0.0275 0.05
1 0.985 0.213333 0.03 0.06
1 0.6425 0.0683333 0.03 0.05
1 0.02125 0.395 0.0375 0.05
1 0.29125 0.235 0.0375 0.0566667
1 0.02125 0.193333 0.0375 0.0533333
1 0.4875 0.26 0.035 0.0666667
1 0.0875 0.205 0.04 0.0566667
1 0.65 0.306667 0.045 0.06
1 0.48625 0.123333 0.0325 0.06
1 0.5475 0.68 0.06 0.08
1 0.5975 0.0216667 0.025 0.0433333
1 0.4075 0.65 0.05 0.0733333
1 0.1925 0.578333 0.05 0.0833333
1 0.57375 0.151667 0.0375 0.0566667
1 0.50375 0.903333 0.0625 0.0933333
1 0.22125 0.83 0.0625 0.0933333
1 0.79 0.165 0.04 0.05
1 0.53875 0.253333 0.0475 0.0666667
1 0.7425 0.0733333 0.03 0.0466667
1 0.38 0.0483333 0.03 0.05
1 0.125 0.575 0.06 0.0833333
1 0.90375 0.2 0.0375 0.0666667
1 0.29625 0.035 0.0325 0.05
1 0.8175 0.07 0.035 0.0533333
1 0.26625 0.435 0.0375 0.0566667
1 0.72375 0.31 0.0425 0.06
1 0.33 0.86 0.065 0.0933333
1 0.47125 0.481667 0.0475 0.0633333
1 0.34875 0.423333 0.0475 0.06
1 0.9675 0.358333 0.035 0.07
1 0.13375 0.393333 0.0425 0.0666667
