2 0.28375 0.403333 0.0325 0.04
2 0.6525 0.416667 0.05 0.08
2 0.84375 0.463333 0.0275 0.0466667
2 0.84125 0.456667 0.0175 0.0266667
2 0.25125 0.56 0.0275 0.04
1 0.19875 0.413333 0.0425 0.0533333
1 0.285 0.41 0.035 0.0466667
2 0.37 0.41 0.04 0.0533333
1 0.0725 0.443333 0.025 0.04
2 0.8775 0.495 0.035 0.0433333
1 0.54 0.426667 0.035 0.0533333
2 0.44 0.396667 0.025 0.04
2 0.615 0.435 0.04 0.05
2 0.78375 0.485 0.0325 0.0433333
2 0.46875 0.423333 0.0275 0.04
2 0.71625 0.453333 0.0375 0.0466667
2 0.65625 0.411667 0.0325 0.05
