1 0.814453 0.111765 0.0273438 0.0588235
1 0.873047 0.161765 0.0664062 0.105882
1 0.445312 0.260294 0.0703125 0.108824
1 0.456055 0.291176 0.0644531 0.111765
1 0.4375 0.213235 0.0625 0.0911765
1 0.863281 0.125 0.0546875 0.0911765
1 0.887695 0.233824 0.0605469 0.0852941
1 0.813477 0.270588 0.0800781 0.135294
1 0.407227 0.367647 0.0722656 0.111765
2 0.740234 0.205882 0.0507812 0.0882353
2 0.642578 0.123529 0.0625 0.0882353
1 0.889648 0.454412 0.119141 0.155882
1 0.678711 0.261765 0.0839844 0.129412
1 0.538086 0.267647 0.142578 0.176471
1 0.0830078 0.227941 0.107422 0.161765
1 0.170898 0.397059 0.150391 0.241176
