1 0.5425 0.0383333 0.025 0.05
1 0.8825 0.05 0.02 0.04
1 0.4125 0.00833333 0.025 0.0166667
1 0.98625 0.156667 0.0225 0.04
1 0.55875 0.035 0.0225 0.0433333
1 0.85 0.0416667 0.02 0.0366667
1 0.72625 0.501667 0.0325 0.0566667
1 0.46625 0.01 0.0275 0.02
1 0.23 0.593333 0.03 0.0666667
1 0.18 0.0583333 0.025 0.0366667
1 0.22375 0.03 0.0225 0.04
1 0.1125 0.0266667 0.025 0.04
1 0.90375 0.198333 0.0375 0.0566667
1 0.51625 0.0616667 0.0275 0.0433333
1 0.33625 0.148333 0.0325 0.0566667
1 0.485 0.123333 0.03 0.0533333
1 0.81625 0.318333 0.0275 0.0566667
1 0.4875 0.263333 0.035 0.06
1 0.1175 0.113333 0.025 0.0466667
1 0.4475 0.0633333 0.03 0.04
1 0.40875 0.648333 0.0525 0.07
1 0.64125 0.0666667 0.0325 0.0466667
1 0.59875 0.0216667 0.0275 0.0433333
1 0.02125 0.103333 0.0325 0.0466667
1 0.265 0.433333 0.035 0.06
1 0.18125 0.205 0.0325 0.05
1 0.8175 0.07 0.035 0.0533333
1 0.57375 0.155 0.0325 0.0566667
1 0.53875 0.255 0.0425 0.0633333
1 0.29625 0.0366667 0.0325 0.0466667
1 0.6975 0.183333 0.035 0.0533333
1 0.38 0.05 0.03 0.0466667
1 0.08875 0.203333 0.0375 0.06
1 0.01375 0.55 0.0275 0.0866667
1 0.985 0.213333 0.03 0.0533333
1 0.3725 0.216667 0.035 0.06
1 0.6525 0.306667 0.045 0.0533333
1 0.78875 0.166667 0.0375 0.0533333
1 0.98 0.568333 0.035 0.0633333
1 0.29375 0.235 0.0325 0.0566667
1 0.57 0.496667 0.045 0.06
1 0.02125 0.396667 0.0375 0.0466667
1 0.74125 0.0716667 0.0325 0.05
1 0.20875 0.141667 0.0325 0.05
1 0.7225 0.31 0.04 0.06
1 0.02125 0.193333 0.0375 0.0533333
1 0.47125 0.481667 0.0425 0.07
1 0.85125 0.513333 0.0425 0.0533333
1 0.79625 0.77 0.0575 0.0733333
1 0.22125 0.828333 0.0575 0.0833333
1 0.545 0.68 0.055 0.0733333
1 0.9675 0.356667 0.035 0.06
1 0.13375 0.393333 0.0375 0.06
1 0.66625 0.663333 0.0575 0.08
1 0.19125 0.576667 0.0525 0.0733333
1 0.33125 0.86 0.0625 0.0866667
1 0.09125 0.828333 0.0575 0.0833333
1 0.50625 0.903333 0.0625 0.0866667
1 0.1225 0.573333 0.055 0.0733333
1 0.34625 0.425 0.0475 0.0566667
