2 0.8675 0.442857 0.06 0.0761905
2 0.99 0.721429 0.02 0.185714
2 0.48625 0.280952 0.0525 0.114286
2 0.25625 0.264286 0.0625 0.119048
2 0.69625 0.159524 0.0475 0.1
2 0.625 0.492857 0.07 0.128571
2 0.12875 0.302381 0.0625 0.128571
2 0.88 0.204762 0.04 0.0857143
2 0.1925 0.430952 0.07 0.119048
2 0.54625 0.311905 0.0575 0.138095
2 0.60875 0.664286 0.0875 0.166667
2 0.33875 0.547619 0.0775 0.161905
2 0.9625 0.357143 0.06 0.114286
1 0.44875 0.580952 0.0925 0.190476
1 0.8875 0.65 0.08 0.195238
2 0.19375 0.602381 0.0725 0.138095
