1 0.1 0.172285 0.015 0.0224719
1 0.20875 0.325843 0.0275 0.0524345
1 0.27125 0.368914 0.0375 0.0561798
2 0.27 0.365169 0.035 0.0561798
1 0.225 0.215356 0.02 0.0262172
1 0.07625 0.284644 0.0175 0.0299625
1 0.09625 0.346442 0.0225 0.0411985
1 0.1525 0.256554 0.025 0.0411985
1 0.31125 0.2603 0.0275 0.0486891
1 0.15 0.365169 0.03 0.0486891
1 0.9325 0.531835 0.04 0.0674157
1 0.62375 0.355805 0.0275 0.0599251
1 0.46375 0.230337 0.0275 0.0486891
1 0.56125 0.2603 0.0375 0.0561798
1 0.1625 0.445693 0.035 0.0674157
1 0.355 0.421348 0.045 0.0561798
1 0.3125 0.533708 0.045 0.071161
1 0.47 0.475655 0.06 0.082397
1 0.12125 0.610487 0.0675 0.0898876
1 0.53125 0.389513 0.0375 0.0749064
1 0.7675 0.462547 0.08 0.108614
1 0.2475 0.561798 0.06 0.082397
1 0.38125 0.82397 0.0725 0.0973783
