1 0.76375 0.0862832 0.0275 0.0486726
1 0.67875 0.225664 0.0325 0.0619469
1 0.50625 0.0951327 0.0275 0.0575221
1 0.70125 0.141593 0.0325 0.0530973
2 0.6775 0.225664 0.03 0.0619469
1 0.6725 0.110619 0.025 0.0530973
1 0.5625 0.172566 0.03 0.0619469
1 0.19625 0.172566 0.0475 0.079646
1 0.46125 0.289823 0.0325 0.0575221
1 0.7475 0.143805 0.035 0.0663717
1 0.8325 0.170354 0.03 0.0752212
1 0.41 0.380531 0.035 0.123894
1 0.01875 0.25885 0.0375 0.119469
1 0.61125 0.471239 0.1075 0.163717
1 0.63125 0.174779 0.0675 0.110619
1 0.18625 0.367257 0.0675 0.150442
1 0.95875 0.223451 0.0725 0.146018
1 0.75375 0.329646 0.0775 0.163717
1 0.1375 0.471239 0.105 0.207965
