3 0.4825 0.827434 0.055 0.150442
1 0.67125 0.039823 0.0225 0.0530973
2 0.485 0.831858 0.06 0.176991
2 0.4575 0.84292 0.08 0.163717
1 0.29375 0.338496 0.0625 0.110619
1 0.09875 0.283186 0.0225 0.0619469
1 0.63375 0.0663717 0.0525 0.0619469
2 0.67625 0.254425 0.0425 0.0663717
1 0.485 0.0951327 0.035 0.0575221
1 0.36625 0.188053 0.0425 0.0752212
2 0.61625 0.0685841 0.0325 0.0575221
1 0.415 0.146018 0.035 0.0530973
2 0.23625 0.188053 0.0525 0.0840708
1 0.65 0.0575221 0.035 0.0619469
1 0.30875 0.276549 0.0525 0.10177
1 0.125 0.628319 0.05 0.141593
2 0.76375 0.261062 0.0525 0.0884956
2 0.27625 0.353982 0.0475 0.079646
2 0.435 0.84292 0.05 0.137168
1 0.46625 0.19469 0.0375 0.0973451
2 0.57125 0.134956 0.0425 0.0840708
1 0.4425 0.245575 0.035 0.0929204
1 0.215 0.280973 0.05 0.0752212
1 0.81875 0.121681 0.0375 0.0929204
1 0.51375 0.190265 0.0425 0.0884956
1 0.67875 0.413717 0.0575 0.10177
2 0.72875 0.159292 0.0425 0.079646
2 0.89125 0.745575 0.0775 0.119469
2 0.14125 0.30531 0.0625 0.0973451
2 0.68 0.130531 0.05 0.0929204
1 0.55 0.292035 0.05 0.0884956
1 0.84125 0.517699 0.0725 0.0884956
1 0.45875 0.630531 0.0675 0.110619
1 0.465 0.460177 0.055 0.106195
1 0.37 0.35177 0.065 0.0929204
2 0.62 0.214602 0.06 0.110619
2 0.13875 0.451327 0.0625 0.115044
1 0.64375 0.564159 0.0725 0.128319
1 0.7025 0.785398 0.06 0.163717
1 0.7575 0.533186 0.065 0.119469
1 0.37375 0.517699 0.0675 0.132743
1 0.36875 0.873894 0.0975 0.190265
1 0.5625 0.50885 0.07 0.132743
1 0.6175 0.90708 0.09 0.159292
2 0.1925 0.681416 0.085 0.159292
2 0.26625 0.80531 0.0775 0.159292
