1 0.98125 0.314607 0.0275 0.0449438
1 0.27875 0.235955 0.0225 0.0374532
1 0.98625 0.335206 0.0275 0.0411985
1 0.9725 0.292135 0.025 0.0449438
1 0.19875 0.252809 0.0275 0.0486891
1 0.695 0.322097 0.025 0.0449438
1 0.8525 0.329588 0.04 0.0674157
1 0.14625 0.286517 0.0375 0.0636704
1 0.9375 0.305243 0.035 0.0561798
1 0.42125 0.318352 0.0475 0.0749064
1 0.60625 0.245318 0.0475 0.0786517
1 0.7625 0.279026 0.04 0.071161
1 0.08375 0.314607 0.0475 0.0749064
1 0.26875 0.327715 0.0475 0.0786517
1 0.5025 0.247191 0.08 0.134831
