1 0.98375 0.148889 0.0325 0.137778
2 0.17 0.651111 0.055 0.12
3 0.16875 0.655556 0.0575 0.12
2 0.09625 0.364444 0.0475 0.0888889
1 0.02625 0.164444 0.0375 0.0888889
1 0.64375 0.382222 0.0525 0.106667
1 0.82375 0.0333333 0.0475 0.0666667
1 0.2675 0.386667 0.05 0.115556
1 0.48375 0.12 0.0625 0.115556
1 0.08375 0.213333 0.0525 0.106667
1 0.2625 0.108889 0.055 0.0933333
1 0.6625 0.111111 0.055 0.106667
1 0.9325 0.568889 0.07 0.106667
1 0.89625 0.204444 0.0625 0.106667
1 0.50125 0.304444 0.0575 0.111111
1 0.51875 0.7 0.0625 0.111111
1 0.56875 0.788889 0.0675 0.128889
1 0.7525 0.104444 0.06 0.12
1 0.0425 0.857778 0.07 0.142222
1 0.3775 0.917778 0.07 0.128889
1 0.12625 0.744444 0.0675 0.137778
