1 0.43375 0.261224 0.0175 0.0571429
1 0.71875 0.220408 0.0275 0.0571429
1 0.5425 0.271429 0.05 0.0857143
1 0.84125 0.255102 0.0225 0.044898
1 0.3675 0.236735 0.03 0.0571429
1 0.4775 0.271429 0.03 0.0612245
1 0.52875 0.269388 0.0325 0.0734694
1 0.76625 0.257143 0.0375 0.0734694
1 0.61375 0.302041 0.0375 0.0653061
1 0.56 0.27551 0.04 0.077551
1 0.29875 0.238776 0.0325 0.0612245
1 0.40625 0.279592 0.0425 0.0693878
2 0.8075 0.259184 0.04 0.0612245
1 0.355 0.295918 0.05 0.0938776
1 0.65375 0.332653 0.0375 0.077551
1 0.45375 0.477551 0.0475 0.0816327
1 0.93875 0.257143 0.0475 0.0816327
1 0.7125 0.355102 0.055 0.0979592
1 0.08625 0.269388 0.0475 0.0816327
1 0.8825 0.238776 0.04 0.0693878
1 0.1675 0.316327 0.045 0.077551
