1 0.425 0.370787 0.05 0.082397
3 0.11875 0.529963 0.1375 0.220974
1 0.5725 0.104869 0.025 0.0374532
1 0.535 0.370787 0.065 0.0898876
2 0.9625 0.308989 0.045 0.071161
1 0.11875 0.533708 0.1425 0.228464
1 0.49125 0.127341 0.0225 0.0374532
1 0.4675 0.076779 0.02 0.0337079
1 0.505 0.192884 0.025 0.0486891
1 0.54125 0.0318352 0.0225 0.0411985
1 0.5525 0.134831 0.02 0.0449438
1 0.56625 0.0187266 0.0175 0.0299625
1 0.495 0.284644 0.045 0.0599251
1 0.88125 0.144195 0.0275 0.0486891
1 0.57625 0.157303 0.0325 0.0524345
1 0.73875 0.129213 0.0325 0.0486891
1 0.56 0.327715 0.05 0.0786517
1 0.64375 0.325843 0.0475 0.0524345
1 0.64625 0.146067 0.0375 0.0599251
1 0.47375 0.434457 0.0675 0.0898876
1 0.67875 0.198502 0.0375 0.0599251
1 0.595 0.222846 0.035 0.0636704
1 0.53375 0.205993 0.0375 0.0599251
1 0.51 0.38015 0.05 0.0861423
1 0.53625 0.797753 0.0775 0.164794
1 0.72125 0.428839 0.0575 0.101124
1 0.65375 0.464419 0.0625 0.11985
1 0.43125 0.687266 0.1275 0.198502
1 0.6675 0.829588 0.125 0.191011
1 0.82 0.7603 0.09 0.164794
