1 0.88125 0.0561798 0.0275 0.0449438
1 0.42 0.076779 0.03 0.0486891
2 0.59375 0.102996 0.0225 0.0411985
1 0.6275 0.0262172 0.02 0.0374532
2 0.62625 0.0262172 0.0225 0.0449438
2 0.695 0.0749064 0.03 0.0524345
2 0.42 0.076779 0.025 0.0411985
2 0.88 0.0561798 0.025 0.0449438
1 0.66625 0.134831 0.0325 0.0524345
1 0.45375 0.0842697 0.0325 0.0561798
1 0.74875 0.0599251 0.0325 0.0524345
1 0.18875 0.114232 0.0325 0.0486891
1 0.37 0.0917603 0.03 0.0486891
1 0.51875 0.0898876 0.0325 0.0524345
1 0.60125 0.0430712 0.0275 0.0486891
1 0.085 0.234082 0.045 0.071161
1 0.95375 0.101124 0.0325 0.0449438
1 0.41625 0.151685 0.0375 0.0561798
1 0.62 0.26779 0.05 0.071161
1 0.255 0.282772 0.045 0.0636704
1 0.51625 0.359551 0.0525 0.0898876
